0.622711	-0.145299
0.647131	-0.118437
0.647131	-0.094017
0.671551	-0.081807
0.647131	-0.084249
0.671551	-0.081807
0.720391	-0.081807
0.720391	-0.084249
0.793651	-0.086691
0.842491	-0.084249
0.915751	-0.072039
1.013431	-0.069597
1.086691	-0.079365
1.159951	-0.089133
1.233211	-0.094017
1.330891	-0.094017
1.404151	-0.094017
1.477411	-0.091575
1.550672	-0.094017
1.648352	-0.094017
1.721612	-0.094017
1.794872	-0.094017
1.892552	-0.094017
1.965812	-0.094017
2.039072	-0.096459
2.112332	-0.096459
2.185592	-0.096459
2.283272	-0.096459
2.332112	-0.098901
2.405372	-0.096459
2.503053	-0.098901
2.576313	-0.098901
2.649573	-0.098901
2.747253	-0.098901
2.820513	-0.101343
2.869353	-0.101343
2.967033	-0.103785
3.064713	-0.103785
3.162393	-0.106227
3.211233	-0.103785
3.284493	-0.106227
3.357754	-0.101343
3.455434	-0.089133
3.528694	-0.096459
3.601954	-0.101343
3.699634	-0.091575
3.772894	-0.098901
3.846154	-0.113553
3.919414	-0.111111
4.017094	-0.118437
4.065934	-0.108669
4.139194	-0.103785
4.236874	-0.106227
4.310134	-0.108669
4.407815	-0.118437
4.481075	-0.123321
4.554335	-0.115995
4.627595	-0.113553
4.725275	-0.103785
4.798535	-0.101343
4.871795	-0.106227
5.018315	-0.106227
5.091575	-0.111111
5.189255	-0.113553
5.262515	-0.113553
5.335775	-0.115995
5.433455	-0.118437
5.506716	-0.118437
5.579976	-0.118437
5.653236	-0.120879
5.750916	-0.115995
5.799756	-0.123321
5.897436	-0.123321
5.970696	-0.123321
6.043956	-0.123321
6.141636	-0.123321
6.214896	-0.123321
6.288157	-0.123321
6.361417	-0.123321
6.459097	-0.120879
6.507937	-0.118437
6.605617	-0.123321
6.678877	-0.123321
6.752137	-0.120879
6.825397	-0.123321
6.923077	-0.128205
6.996337	-0.130647
7.069597	-0.123321
7.167277	-0.125763
7.240538	-0.128205
7.313798	-0.130647
7.411478	-0.128205
7.460318	-0.130647
7.557998	-0.133089
7.631258	-0.130647
7.704518	-0.135531
7.802198	-0.135531
7.875458	-0.135531
7.948718	-0.135531
8.021978	-0.140415
8.095238	-0.137973
8.192918	-0.137973
8.266179	-0.137973
8.339439	-0.137973
8.412699	-0.140415
8.485959	-0.142857
8.583639	-0.142857
8.632479	-0.142857
8.705739	-0.142857
8.827839	-0.145299
8.901099	-0.145299
8.974359	-0.145299
9.047619	-0.152625
9.120879	-0.150183
9.218559	-0.150183
9.291819	-0.145299
9.3895	-0.145299
9.43834	-0.147741
9.53602	-0.152625
9.60928	-0.155067
9.68254	-0.159951
9.82906	-0.155067
9.90232	-0.157509
10	-0.159951
10.07326	-0.162393
10.14652	-0.157509
10.2442	-0.155067
10.29304	-0.152625
10.390721	-0.155067
10.463981	-0.172161
10.537241	-0.174603
10.634921	-0.164835
10.708181	-0.135531
10.781441	-0.150183
10.854701	-0.167277
10.927961	-0.169719
11.025641	-0.174603
11.074481	-0.177045
11.123321	-0.174603
11.221001	-0.174603
11.318681	-0.177045
11.367521	-0.177045
11.465202	-0.177045
11.562882	-0.172161
11.611722	-0.174603
11.709402	-0.179487
11.758242	-0.177045
11.831502	-0.181929
11.929182	-0.184371
12.002442	-0.181929
12.075702	-0.181929
12.173382	-0.186813
12.222222	-0.189255
12.295482	-0.186813
12.393162	-0.189255
12.466422	-0.191697
12.515263	-0.194139
12.637363	-0.191697
12.710623	-0.196581
12.759463	-0.203907
12.857144	-0.206349
12.905984	-0.199023
13.003664	-0.201465
13.076924	-0.201465
13.150184	-0.208791
13.223444	-0.203907
13.321124	-0.206349
13.345544	-0.211233
13.467644	-0.213675
13.540904	-0.216117
13.614164	-0.213675
13.687424	-0.216117
13.785104	-0.223443
13.858365	-0.223443
13.907205	-0.223443
14.004885	-0.230769
14.078145	-0.223443
14.151405	-0.223443
14.224665	-0.225885
14.297925	-0.233211
14.395605	-0.233211
14.566545	-0.233211
14.615385	-0.240537
14.688645	-0.242979
14.737485	-0.240537
14.859585	-0.242979
14.932846	-0.238095
15.030526	-0.240537
15.079366	-0.242979
15.152626	-0.247863
15.274726	-0.250305
15.323566	-0.250305
15.372406	-0.250305
15.470086	-0.250305
15.567766	-0.264957
15.665446	-0.264957
15.714286	-0.252747
15.811966	-0.252747
15.860806	-0.267399
15.958486	-0.262515
16.007327	-0.262515
16.105007	-0.267399
16.178267	-0.262515
16.251527	-0.269841
16.349207	-0.267399
16.422467	-0.272283
16.495727	-0.277167
16.568987	-0.274725
16.666667	-0.274725
16.739927	-0.279609
16.813187	-0.286935
16.886447	-0.284493
16.959707	-0.284493
17.032968	-0.286935
17.130648	-0.291819
17.228328	-0.296703
17.277168	-0.299145
17.350428	-0.291819
17.423688	-0.299145
17.496948	-0.301587
17.619048	-0.304029
17.667888	-0.306471
17.716728	-0.301587
17.838828	-0.308913
17.912088	-0.308913
17.985348	-0.308913
18.058608	-0.308913
18.156289	-0.313797
18.229549	-0.313797
18.302809	-0.340659
18.376069	-0.328449
18.424909	-0.316239
18.547009	-0.326007
18.620269	-0.328449
18.693529	-0.326007
18.791209	-0.328449
18.815629	-0.340659
18.913309	-0.340659
19.010989	-0.352869
19.084249	-0.357753
19.15751	-0.372405
19.35287	-0.411477
19.40171	-0.470085
19.47497	-0.540904
19.57265	-0.626374
19.64591	-0.689866
19.71917	-0.699634
19.79243	-0.653236
19.89011	-0.589744
19.98779	-0.540904
20.06105	-0.514042
20.10989	-0.504274
20.18315	-0.514042
20.280831	-0.540904
20.354091	-0.582418
20.427351	-0.611722
20.525031	-0.614164
20.598291	-0.592186
20.671551	-0.575092
20.744811	-0.56044
20.842491	-0.557998
20.891331	-0.54823
21.013431	-0.526252
21.037851	-0.5116
21.135531	-0.499389
21.233211	-0.496947
21.306472	-0.484737
21.404152	-0.477411
21.477412	-0.470085
21.526252	-0.465201
21.599512	-0.465201
21.697192	-0.462759
21.770452	-0.465201
21.868132	-0.470085
21.941392	-0.470085
22.014652	-0.472527
22.087912	-0.479853
22.161172	-0.496947
22.234432	-0.504274
22.332112	-0.53602
22.405373	-0.570208
22.478633	-0.601954
22.576313	-0.631258
22.649573	-0.641026
22.698413	-0.643468
22.820513	-0.631258
22.893773	-0.62149
22.942613	-0.599512
23.040293	-0.579976
23.137973	-0.562882
23.186813	-0.562882
23.284493	-0.577534
23.382173	-0.594628
23.431014	-0.611722
23.504274	-0.619048
23.626374	-0.62149
23.650794	-0.611722
23.748474	-0.614164
23.846154	-0.611722
23.894994	-0.619048
24.017094	-0.62149
24.163614	-0.623932
24.188034	-0.628816
24.310134	-0.6337
24.383394	-0.638584
24.456654	-0.64591
24.554335	-0.653236
24.603175	-0.665446
24.700855	-0.672772
24.798535	-0.684982
24.847375	-0.692308
24.920635	-0.702076
25.042737	-0.709402
25.091577	-0.709402
25.164837	-0.714286
25.262517	-0.724054
25.335777	-0.738706
25.409037	-0.746032
25.482297	-0.74359
25.531137	-0.746032
25.653237	-0.753358
25.750917	-0.760684
25.848597	-0.760684
25.897437	-0.770452
25.995117	-0.78022
25.970697	-0.785104
26.117218	-0.789988
25.946277	-0.797314
26.288158	-0.819292
26.336998	-0.843712
26.166058	-0.836386
26.532358	-0.821734
25.921857	-0.824176
26.654458	-0.875458
26.459098	-0.885226
26.605618	-0.89011
25.897437	-0.863248
26.874238	-0.814408
